327,64,138
284,69,126
429,56,159
240,83,110
386,57,100
425,54,160
286,66,158
321,65,116
296,68,139
476,51,94
266,64,112
326,67,114
224,78,141
221,81,109
340,63,154
280,74,139
353,69,110
357,57,108
279,73,155
277,67,141
203,90,107
306,68,156
282,67,136
328,63,123
249,77,110
215,88,108
283,72,124
201,90,154
317,62,106
345,63,111
386,57,100
182,89,124
225,79,90
203,90,107
266,64,112
229,81,125
418,51,94
311,69,124
366,64,109
261,72,116
294,68,147
304,67,140
228,76,140
269,64,111
297,69,131
221,85,109
298,72,144
345,64,111
218,86,115
286,66,158
351,64,140
328,63,123
182,89,124
246,66,114
287,71,122
182,89,117
254,81,140
171,98,149
344,61,118
176,90,130
256,68,127
393,56,105
222,75,136
266,64,111
358,61,93
203,80,123
308,61,142
210,80,119
265,67,111
283,72,124
427,55,159
285,70,149
285,69,149
328,72,108
264,75,92
224,78,127
386,59,134
211,80,119
287,70,140
248,77,135
165,91,132
294,69,146
386,59,134
221,86,130
337,68,105
326,63,139
268,75,171
317,62,106
294,69,146
332,66,97
279,73,155
313,70,116
393,56,105
292,71,140
174,101,148
317,63,103
299,70,140
340,67,139
326,63,139
327,64,138
277,67,141
267,72,99
261,72,116
282,67,136
297,73,136
221,86,109
206,91,107
261,72,116
308,73,120
304,67,122
256,68,127
243,82,132
322,62,130
229,81,125
267,72,99
284,69,126
182,89,117
288,69,153
475,50,94
387,58,100
300,67,108
301,65,127
303,65,131
292,68,113
215,86,108
328,59,143
293,68,112
317,62,106
238,76,167
329,61,143
217,93,113
326,67,114
326,65,130
316,66,110
339,61,145
243,82,132
358,60,93
265,67,111
268,75,171
322,64,123
156,101,153
322,64,123
286,69,134
333,60,105
294,68,147
340,62,154
240,82,140
240,83,110
263,70,131
293,68,112
291,71,130
303,65,121
289,70,153
281,67,136
245,66,130
178,89,129
269,64,111
321,66,117
229,88,172
284,67,98
205,90,107
294,68,147
249,77,110
237,85,121
287,71,122
203,80,123
293,72,119
345,64,111
358,60,94
324,74,120
221,85,109
220,82,163
233,84,98
230,89,172
311,69,124
241,65,131
290,69,130
209,74,134
331,68,141
457,49,97
286,69,134
444,49,84
301,74,120
457,49,97
224,76,104
288,74,149
358,62,93
316,67,153
322,62,130
224,76,135
303,65,121
299,72,143
200,84,92
430,59,104
373,59,85
285,69,149
243,82,112
314,66,121
257,86,133
340,62,154
284,67,98
316,67,153
263,72,114
292,68,113
297,74,136
317,68,153
314,66,121
277,72,154
309,63,142
443,52,95
313,70,116
296,80,126
263,71,131
310,67,155
317,68,153
301,65,127
284,73,112
345,63,111
263,72,114
329,66,147
236,81,154
215,86,108
288,72,126
328,72,108
255,81,134
284,67,98
300,64,127
289,66,136
311,69,124
256,81,140
251,70,114
306,67,156
317,68,153
458,50,97
182,89,124
340,64,153
324,73,120
333,64,106
327,64,138
234,84,98
181,86,108
251,76,108
444,51,84
243,84,113
333,65,106
220,82,109
276,72,147
233,84,98
310,67,155
288,72,126
229,88,172
281,67,136
292,64,109
256,68,140
227,81,106
425,54,160
215,93,114
297,69,131
280,74,139
367,64,109
250,83,96
351,64,140
353,62,93
291,71,130
311,69,124
251,76,108
193,95,141
334,65,105
297,69,131
282,67,136
296,80,126
324,72,120
182,89,117
290,69,130
199,75,125
345,64,112
326,66,120
322,62,130
311,65,119
287,70,140
272,76,124
234,72,90
220,73,114
166,94,131
203,90,153
358,60,94
246,66,114
297,73,136
292,61,108
165,93,152
224,76,135
224,78,141
273,78,139
251,74,109
234,72,90
317,67,153
332,65,121
337,68,141
314,66,121
476,51,94
287,72,149
250,81,96
383,57,156
329,67,145
304,63,111
321,65,116
229,81,125
292,62,108
243,83,113
286,69,134
327,64,139
290,69,130
203,80,107
311,65,119
418,51,94
339,67,140
417,51,101
283,72,124
330,68,141
331,68,141
307,73,120
311,69,124
358,60,94
337,68,105
283,69,109
288,71,131
287,72,149
261,72,116
287,71,122
428,55,159
310,67,155
332,65,121
208,77,125
260,73,116
260,74,116
301,65,127
289,66,136
261,72,116
178,89,129
382,57,156
219,92,117
227,81,106
177,89,130
326,66,121
241,66,131
196,94,161
270,64,109
339,67,140
195,94,161
269,75,99
340,62,145
236,81,154
286,70,122
269,70,133
215,86,108
295,81,126
327,64,139
412,58,96
293,72,100
303,65,131
313,70,116
321,65,116
232,78,112
250,82,96
333,64,106
203,80,123
224,79,127
353,69,110
304,64,131
317,68,153
268,75,171
301,65,127
224,78,127
249,78,134
387,58,134
285,69,126
304,64,131
328,72,108
215,84,132
